1.03689
0.586419
0.532892
0.490583
0.582256
0.34206
0.723854
0.759672
0.8684
0.451687
0.606159
0.333521
0.738143
0.641629
0.811799
0.901842
0.813915
0.820049
0.792462
0.702618
0.802926
0.609428
0.823726
0.985301
0.866255
0.700728
0.77378
0.785127
0.654743
0.694004
1.02289
0.724029
0.626871
0.375624
0.662217
0.539483
0.403783
0.558095
0.485714
0.681099
0.87458
0.512176
0.537262
0.706613
0.331337
0.587322
0.621693
0.281837
0.640293
0.642013
1.01332
0.515226
0.426511
0.308837
0.813533
0.601789
0.571562
0.357187
0.618736
0.309553
0.680886
0.754361
0.646639
0.617478
0.379079
0.563061
0.650664
0.343387
0.369265
0.530307
0.87008
0.760877
0.754644
0.911583
0.8289
0.651368
0.804331
0.620559
0.471542
0.639574
0.675838
0.872753
0.706308
0.595738
0.678052
0.727923
0.494055
0.745476
0.631348
0.927979
0.471975
0.69194
1.26723
1.14113
1.02091
1.16402
0.474818
0.630296
0.738891
0.501617
0.486787
0.431848
0.494201
0.751815
0.517347
0.425718
0.653641
1.00588
0.624531
0.739263
0.510629
0.663172
0.456923
0.466633
0.38941
0.338623
0.690316
0.422201
0.624068
0.397013
0.343353
0.560924
0.725714
0.4704
0.53507
0.548269
0.547154
0.661189
0.424862
0.51457
0.58769
0.304021
0.396347
0.57899
0.525004
0.657811
0.562293
0.387119
0.410964
0.664111
0.44373
0.465926
0.462207
0.552557
0.543063
0.50723
0.343956
0.464232
0.35256
0.511198
0.437256
0.245211
0.424939
0.572662
0.331348
0.418215
0.589782
0.471868
0.552812
0.358492
0.488368
0.594649
0.505655
0.369814
0.535869
0.459765
0.603288
0.290092
0.384547
0.592456
0.655304
0.392684
0.414963
0.31795
0.163866
0.437266
0.28924
0.392228
0.459711
0.366918
0.627289
0.297003
0.575039
0.40389
0.356893
0.35612
0.556398
0.471624
0.36872
0.445616
0.415779
0.359663
0.57049
0.363261
0.551583
0.621152
0.588038
0.22412
0.352698
0.605496
0.527284
0.304806
0.403221
0.515937
0.53197
0.575067
0.279541
0.581339
0.490646
0.295706
0.258501
0.418215
0.183109
0.412714
0.267131
0.526944
0.310616
0.561375
0.417272
0.28103
0.498289
0.33819
0.188423
0.30984
0.344297
0.562196
0.281319
0.350391
0.385937
0.632986
0.357187
0.287087
0.347214
0.451161
0.567962
0.265054
0.590302
0.335648
0.400243
0.447267
0.537418
0.251631
0.407951
0.442967
0.437972
0.494274
0.386953
0.506893
0.335631
0.638239
0.715824
0.30445
0.388225
0.308287
0.37352
0.230673
0.632281
0.36214
0.721773
0.402204
0.653777
0.336876
0.431671
0.37352
0.354098
0.484248
0.421442
0.543917
0.566305
0.322112
0.412714
0.375624
0.337392
0.349423
0.400835
0.410906
0.52703
0.337392
0.374844
0.385101
0.380671
0.4951
0.571993
0.713876
0.301261
0.380098
0.343112
0.215048
0.354035
0.218632
0.255997
0.32148
0.520493
0.251552
0.605828
0.317485
0.302054
0.267351
0.406041
0.358346
0.497585
0.332528
0.315205
0.5192
0.290151
0.281533
0.246334
0.281319
0.609854
0.303837
0.369951
0.410908
0.303636
0.365246
0.657208
0.506697
0.499451
0.445246
0.625
0.375
0.349051
0.625
0.375
0.594486
0.318033
0.557408
0.225756
0.297026
0.575252
0.866425
0.455475
0.591182
0.363727
0.677645
0.392548
0.517995
0.427724
0.273536
0.722988
0.433741
0.220825
0.34529
0.640532
0.287974
0.71697
0.405657
0.407663
0.724678
0.341302
0.405657
0.301896
0.556216
0.352072
0.766782
0.422261
0.557187
0.577378
0.489076
0.304935
0.601645
0.625
0.375
0.637893
0.413679
0.58326
0.249781
0.363524
0.289583
0.514636
0.742604
0.414201
0.794806
0.644866
0.539583
0.381622
0.352072
0.488457
0.544742
0.523908
0.375969
0.581645
0.199853
0.717595
0.32481
0.625
0.375
0.569409
0.208127
0.323316
0.6554
0.436853
0.629328
0.4554
0.376443
0.355283
0.408571
0.198034
0.369829
0.507711
0.231046
0.620004
0.360013
0.667516
0.441407
0.686151
0.323496
0.313802
0.614434
0.46137
0.625
0.375
0.28369
0.376443
0.312284
0.376443
0.335904
0.607832
0.268312
0.470578
0.359126
0.415865
0.630696
0.625
0.375
0.461832
0.377427
0.625
0.375
0.248041
0.377662
