1994.7
1501.42
1487.54
1440.68
1507.15
1273.83
1671.45
1677.21
1813.21
1389.9
1571.33
1297.81
1663.09
1579.5
1745.14
1831.33
1724.41
1749.96
1699.17
1633.5
1755.04
1505.7
1715.57
1937.37
1800.84
1656.35
1705.71
1712.73
1594.02
1617.62
1973.54
1644.07
1575.01
1337.79
1582.42
1466.3
1258.92
1545.41
1442.2
1604.22
1799.62
1480.73
1487.55
1645.4
1262.03
1516.86
1574.65
1239.46
1557.16
1586.21
1962.97
1388.43
1363.91
1337.79
1765.64
1575.62
1502.23
1337.79
1576.46
1151.34
1627.95
1679.36
1609.76
1542.03
1297.42
1495.83
1590.49
1214.35
1312.38
1460.83
1808.73
1695.87
1677.3
1844.68
1755.27
1648.51
1741.53
1564.61
1428.11
1584.43
1628.41
1801.59
1644.37
1505.48
1597.8
1647.11
1381.61
1695.95
1640.82
1864.75
1415.04
1628.04
2355.17
2111.47
1977.74
2184.15
1402.91
1584.91
1668.24
1473.39
1457.65
1391.62
1402.54
1715.12
1470.97
1364.15
1581.82
1986
1583.9
1689.54
1453.95
1617.14
1391.17
1304.93
1350.09
1279.1
1590.53
1351.16
1555.37
1398.27
1268.69
1600.43
1761.25
1421.67
1532.22
1508.47
1505.98
1588.02
1395.11
1461.27
1549.36
1254.86
1366.67
1517.73
1480.23
1610.71
1484.56
1320.69
1348.29
1616.56
1375.95
1413.76
1441.13
1479.32
1468.73
1444.03
1253.82
1485.2
1284.73
1459.59
1429.28
1171.25
1378.53
1499.54
1289.92
1269.49
1546.82
1428
1515.47
1333.78
1357.4
1532.98
1481.41
1277.98
1522.62
1470.77
1573.19
1220.57
1392.76
1548.89
1626.41
1336.54
1346.53
1133.25
1112.7
1390.92
1269.6
1275.73
1492.61
1352.91
1610.11
1093.17
1472.55
1355.11
1341.31
1297.04
1536.57
1330.04
1261.06
1430.56
1355.55
1339.9
1514.64
1286.08
1527.88
1575.68
1523.96
1228.24
1375.72
1557.16
1523.61
1276.43
1334.88
1514.67
1520.39
1562.32
1128.01
1546.13
1484.88
1304.27
1197.74
1404.73
1081.9
1386.88
1250.29
1408.18
1237.47
1481.15
1364.67
1241.88
1488.55
1329.16
1115.88
1236.49
1347.04
1524.61
1108.51
1307.95
1239.46
1588.87
1298.14
1225.75
1323.54
1411.51
1564.43
1246.59
1646.17
1294.97
1417.66
1366.42
1464.57
1015.34
1346.2
1411.94
1406.51
1485.12
1338.15
1463.76
1337.79
1678.47
1709.69
1293.88
1385.58
1215.01
1356.4
1109.97
1633.55
1301.77
1656.79
1387.3
1651.06
1299.15
1409.78
1357.13
1319.72
1450.57
1385.84
1544.77
1549.44
1260.22
1381.18
1358.72
1278.74
1324.66
1416.66
1373.26
1511.72
1286.98
1339.29
1369.04
1356.53
1456.21
1486.65
1717.45
1165.33
1347.59
1309.62
1206.01
1275.68
1178.48
1228.13
1241.42
1482.71
1229.49
1662.21
1281.07
1231.56
1277.66
1368.32
1297.58
1488.81
1271.05
1114.07
1473.72
1254.61
1289.37
1229.6
1140.27
1626.06
1260.7
1383.4
1398.88
1278.78
1330.55
1653.82
1440.31
1489.34
1396.09
1662.21
1337.79
1329.48
1662.21
1337.79
1634.33
1279.84
1621.68
1169.3
1287.73
1616.6
1944.9
1337.79
1582.49
1337.79
1720.16
1337.79
1433.78
1378.08
1239.22
1784.77
1397.64
1151.01
1307.29
1698.94
1316.37
1777.2
1337.79
1399.5
1826.68
1323.41
1396.71
1322.7
1577.98
1337.79
1835.23
1337.79
1505.56
1603.54
1510.16
1281.22
1616.6
1662.21
1337.79
1662.21
1402.83
1662.21
1172.92
1362.54
1294.86
1450.79
1795.4
1337.79
1786.24
1674.63
1549.21
1268.27
1401.11
1511.95
1498.52
1482.09
1309.47
1577.6
1089.86
1730.55
1279.84
1662.21
1337.79
1578.41
1181.18
1199.31
1572.78
1452.18
1644.2
1320.33
1273.03
1325.07
1205.45
1070.43
1321.08
1539.04
1229.66
1662.21
1302.9
1704
1442.24
1705.87
1249.67
1268.27
1642.32
1450.03
1662.21
1337.79
1172.84
1326.49
1256.42
1358.74
1346.99
1616.6
1216.34
1444.97
1331.08
1381.27
1667.09
1662.21
1337.79
1450.95
1339.83
1662.21
1337.79
1174.22
1343.15
